TG, 0033, 2024092918_F006_155N_0936W_FOF, 2024092918, 03, GFSO, 006, 155N,  936W,  28, 1007, XX,  34, NEQ, 0000, 0000, 0000, 0000, 1008,   59,   74,   -999,  -9999,  -9999, N,  268,   13,   85,  343,   59,  143,    258.1,    257.7,    -14.4,     -9.2,     68.8,     85.9,    258.1,    258.7
TG, 0033, 2024092918_F006_155N_0936W_FOF, 2024092918, 03, GFSO, 012, 147N,  934W,  24, 1007, XX,  34, NEQ, 0000, 0000, 0000, 0000, 1009,   45,  110,     -9,    184,    179, N,  181,   20,  103,  353,   82,  213,    258.1,    257.8,    -19.0,     -8.7,     76.3,     89.5,    258.1,    258.8
TG, 0033, 2024092918_F006_155N_0936W_FOF, 2024092918, 03, GFSO, 018, 144N,  934W,  22, 1009, XX,  34, NEQ, 0000, 0000, 0000, 0000, -999, -999,  113,     -2,    203,    145, Y,  192,   10,   92,  314,   78,  374,    257.9,    257.6,    -21.6,     -6.1,     84.3,     92.9,    257.9,    258.9
TG, 0033, 2024092918_F006_155N_0936W_FOF, 2024092918, 03, GFSO, 024, 142N,  921W,  17, 1007, XX,  34, NEQ, 0000, 0000, 0000, 0000, 1008,   48,  161,   -101,    161,     22, N,   96,   32,   96,  136,   97,  237,    258.0,    257.9,    -20.7,     -5.0,     80.9,     92.6,    258.0,    258.3
TG, 0033, 2024092918_F006_155N_0936W_FOF, 2024092918, 03, GFSO, 030, 136N,  929W,  23, 1007, XX,  34, NEQ, 0000, 0000, 0000, 0000, 1008,   84,  114,     56,    -49,      0, Y,  231,   25,   99,  191,   83,  252,    258.4,    258.1,    -19.6,     -7.9,     83.3,     95.4,    258.4,    259.0
TG, 0033, 2024092918_F006_155N_0936W_FOF, 2024092918, 03, GFSO, 036, 132N,  933W,  29, 1007, XX,  34, NEQ, 0000, 0000, 0000, 0000, 1010,  116,   16,     39,    165,    267, Y,  202,   13,  159,  485,  141,  630,    258.4,    257.9,    -20.2,    -11.3,     93.6,     96.5,    258.4,    259.7
TG, 0033, 2024092918_F006_155N_0936W_FOF, 2024092918, 03, GFSO, 042, 133N,  937W,  35, 1004, XX,  34, NEQ, 0000, 0021, 0000, 0000, 1006,   28,   21,     67,   -136,    171, Y,  288,    3,  208,  946,  183,  919,    258.4,    258.0,    -24.6,     -7.3,     88.8,     94.1,    258.4,    259.4
TG, 0033, 2024092918_F006_155N_0936W_FOF, 2024092918, 03, GFSO, 048, 136N,  920W,  36, 1006, XX,  34, NEQ, 0000, 0000, 0190, 0190, 1003,  126,   27,   -129,    -28,    273, N,   72,   48,  230, 1373,  208,  951,    258.1,    257.8,    -24.4,     -6.6,     58.5,     93.5,    258.1,    259.0
TG, 0033, 2024092918_F006_155N_0936W_FOF, 2024092918, 03, GFSO, 054, 141N,  925W,  34, 1005, XX,  34, NEQ, 0000, 0000, 0032, 0000, 1007,   42,   32,     76,    124,    389, Y,  340,   17,  198, 1286,  164, 1171,    258.5,    258.0,    -23.8,     -8.5,     68.3,     94.2,    258.5,    259.7
TG, 0033, 2024092918_F006_155N_0936W_FOF, 2024092918, 03, GFSO, 060, 146N,  931W,  28, 1005, XX,  34, NEQ, 0000, 0000, 0000, 0000, -999, -999,  127,     33,    224,    247, N,  326,   19,  212, 1095,  159, 1187,    258.3,    257.8,    -21.5,     -8.5,     66.8,     95.1,    258.3,    258.8
TG, 0034, 2024092918_F006_118N_1287W_FOF, 2024092918, 03, GFSO, 006, 118N, 1287W,  19, 1009, XX,  34, NEQ, 0000, 0000, 0000, 0000, 1010,   46,   25,   -999,  -9999,  -9999, N,  246,   26,  121,  341,   93,  289,    258.1,    257.6,    -19.9,    -12.0,      7.7,     36.6,    258.1,    258.2
TG, 0034, 2024092918_F006_118N_1287W_FOF, 2024092918, 03, GFSO, 012, 117N, 1290W,  20, 1012, XX,  34, NEQ, 0000, 0000, 0000, 0000, 1013,   39,   66,     19,     19,    -31, N,  254,   24,  134,  284,  102,  254,    257.8,    257.3,    -20.5,    -14.2,      8.0,     47.5,    257.8,    258.0
TG, 0034, 2024092918_F006_118N_1287W_FOF, 2024092918, 03, GFSO, 018, 117N, 1293W,  19, 1009, XX,  34, NEQ, 0000, 0000, 0000, 0000, 1010,   42,   46,      4,     77,    -23, N,  266,   20,  141,  313,   85,  179,    257.7,    257.2,    -21.9,    -12.0,      8.2,     43.2,    257.7,    257.9
TG, 0034, 2024092918_F006_118N_1287W_FOF, 2024092918, 03, GFSO, 024, 117N, 1298W,  19, 1012, XX,  34, NEQ, 0000, 0000, 0000, 0000, 1013,   43,   77,     15,    209,    -62, N,  265,   28,  141,  269,   80,  167,    257.9,    257.3,    -21.1,    -12.1,      5.9,     50.3,    257.9,    258.0
TG, 0034, 2024092918_F006_118N_1287W_FOF, 2024092918, 03, GFSO, 030, 120N, 1302W,  18, 1009, XX,  34, NEQ, 0000, 0000, 0000, 0000, 1010,   50,   71,     -7,    106,   -111, N,  276,   25,  137,  246,   84,  173,    258.1,    257.7,    -18.6,    -10.8,      5.6,     49.3,    258.1,    258.1
TG, 0034, 2024092918_F006_118N_1287W_FOF, 2024092918, 03, GFSO, 036, 121N, 1306W,  21, 1012, XX,  34, NEQ, 0000, 0000, 0000, 0000, 1013,   42,   41,    -18,    239,   -148, N,  270,   28,  136,  251,   84,  136,    258.0,    257.5,    -18.7,     -8.5,      5.7,     44.8,    258.0,    258.1
TG, 0034, 2024092918_F006_118N_1287W_FOF, 2024092918, 03, GFSO, 042, 121N, 1311W,  20, 1010, XX,  34, NEQ, 0000, 0000, 0000, 0000, 1011,   43,   53,     -7,    206,   -161, N,  268,   23,  138,  253,   85,  141,    257.7,    257.4,    -20.5,     -7.1,      6.4,     53.3,    257.7,    257.8
TG, 0034, 2024092918_F006_118N_1287W_FOF, 2024092918, 03, GFSO, 048, 122N, 1316W,  20, 1012, XX,  34, NEQ, 0000, 0000, 0000, 0000, 1013,   41,   38,    -11,    283,   -138, N,  270,   25,  146,  260,   85,  144,    257.7,    257.4,    -20.3,     -7.5,      7.1,     60.9,    257.7,    257.8
TG, 0034, 2024092918_F006_118N_1287W_FOF, 2024092918, 03, GFSO, 054, 122N, 1319W,  19, 1009, XX,  34, NEQ, 0000, 0000, 0000, 0000, 1010,   40,   69,    -12,    272,   -123, N,  270,   15,  150,  264,   93,  164,    257.7,    257.4,    -16.4,     -5.8,      7.5,     70.8,    257.7,    257.8
TG, 0034, 2024092918_F006_118N_1287W_FOF, 2024092918, 03, GFSO, 060, 122N, 1322W,  19, 1011, XX,  34, NEQ, 0000, 0000, 0000, 0000, 1012,   40,   54,      2,    289,   -170, N,  260,   16,  144,  245,   90,  155,    257.7,    257.3,    -18.3,     -3.1,      7.4,     68.8,    257.7,    258.0
TG, 0034, 2024092918_F006_118N_1287W_FOF, 2024092918, 03, GFSO, 066, 123N, 1324W,  17, 1009, XX,  34, NEQ, 0000, 0000, 0000, 0000, 1010,   39,   93,    -33,    345,   -131, N,  299,   10,  149,  245,   82,  153,    257.5,    257.0,    -16.4,     -0.9,      7.2,     61.7,    257.5,    257.6
TG, 0034, 2024092918_F006_118N_1287W_FOF, 2024092918, 03, GFSO, 072, 127N, 1326W,  19, 1011, XX,  34, NEQ, 0000, 0000, 0000, 0000, 1012,   41,   65,    -44,    199,    -51, N,  339,   14,  149,  245,   79,  153,    257.4,    256.9,    -16.1,     -1.0,      6.2,     65.4,    257.4,    257.5
TG, 0034, 2024092918_F006_118N_1287W_FOF, 2024092918, 03, GFSO, 078, 131N, 1326W,  20, 1008, XX,  34, NEQ, 0000, 0000, 0000, 0000, 1009,   40,   43,    -20,    324,    -92, N,   22,   17,  153,  252,   87,  155,    257.4,    256.9,     -9.5,      0.9,      6.5,     56.6,    257.4,    257.7
TG, 0034, 2024092918_F006_118N_1287W_FOF, 2024092918, 03, GFSO, 084, 134N, 1328W,  20, 1011, XX,  34, NEQ, 0000, 0000, 0000, 0000, -999, -999,  161,    -55,     85,     38, N,   26,   13,  153,  240,   92,  181,    257.4,    256.7,    -10.2,      1.3,      4.4,     58.1,    257.4,    257.6
TG, 0034, 2024092918_F006_118N_1287W_FOF, 2024092918, 03, GFSO, 090, 134N, 1331W,  25, 1007, XX,  34, NEQ, 0000, 0000, 0000, 0000, -999, -999,  133,    -57,    309,     -4, N,   48,    7,  170,  236,  106,  161,    257.0,    256.5,     -8.6,      2.2,      4.2,     57.3,    257.0,    257.2
TG, 0034, 2024092918_F006_118N_1287W_FOF, 2024092918, 03, GFSO, 096, 116N, 1331W,  29, 1008, XX,  34, NEQ, 0000, 0000, 0000, 0000, 1011,   41,   24,      9,    302,    140, N,  169,   44,  201,  790,  136, 1022,    256.9,    256.4,     -8.6,     -1.6,      8.7,     79.9,    256.9,    257.0
TG, 0039, 2024092918_F006_089N_0217W_FOF, 2024092918, 03, GFSO, 006,  89N,  217W,  26, 1010, XX,  34, NEQ, 0000, 0000, 0000, 0000, -999, -999,   21,   -999,  -9999,  -9999, Y,  278,   32,  120,  697,  127,  667,    258.2,    257.7,    -21.0,     -0.1,     75.5,     93.3,    258.2,    259.1
TG, 0039, 2024092918_F006_089N_0217W_FOF, 2024092918, 03, GFSO, 012,  93N,  218W,  24, 1006, XX,  34, NEQ, 0000, 0000, 0000, 0000, 1009,   47,   25,     18,   -337,    344, Y,  307,   24,  157,  521,  148,  504,    258.0,    257.4,    -22.1,     -2.4,     76.7,     93.9,    258.0,    259.1
TG, 0039, 2024092918_F006_089N_0217W_FOF, 2024092918, 03, GFSO, 018,  93N,  219W,  25, 1011, XX,  34, NEQ, 0000, 0000, 0000, 0000, -999, -999,   45,     55,   -252,    202, Y,  274,   27,  159,  616,  166,  877,    257.9,    257.5,    -23.9,      0.4,     70.7,     90.6,    257.9,    258.9
TG, 0039, 2024092918_F006_089N_0217W_FOF, 2024092918, 03, GFSO, 024,  96N,  227W,  31, 1009, XX,  34, NEQ, 0000, 0000, 0000, 0000, 1010,  120,   63,     65,   -106,    217, N,  287,   42,  182,  830,  175,  558,    257.8,    257.5,    -18.8,     -2.0,     56.8,     91.5,    257.8,    258.1
TG, 0039, 2024092918_F006_089N_0217W_FOF, 2024092918, 03, GFSO, 030, 103N,  228W,  29, 1010, XX,  34, NEQ, 0000, 0000, 0000, 0000, 1011,   23,   35,     27,   -131,    164, N,  310,   36,  223,  680,  167,  734,    257.6,    257.3,    -19.9,      2.7,     68.2,     87.4,    257.6,    258.2
TG, 0039, 2024092918_F006_089N_0217W_FOF, 2024092918, 03, GFSO, 036, 108N,  235W,  26, 1007, XX,  34, NEQ, 0000, 0000, 0000, 0000, 1009,   54,   50,     48,    450,     24, N,  293,   49,  220,  567,  181,  422,    257.2,    256.9,    -16.3,      6.7,     69.9,     91.5,    257.2,    257.6
TG, 0039, 2024092918_F006_089N_0217W_FOF, 2024092918, 03, GFSO, 042, 108N,  244W,  23, 1008, XX,  34, NEQ, 0000, 0000, 0000, 0000, 1011,   95,  136,     64,    321,    152, N,  278,   51,  228,  597,  157,  413,    257.5,    257.1,    -14.8,      7.1,     66.8,     91.4,    257.5,    257.9
TG, 0039, 2024092918_F006_089N_0217W_FOF, 2024092918, 03, GFSO, 048, 105N,  244W,  24, 1006, XX,  34, NEQ, 0000, 0000, 0000, 0000, 1008,   62,   61,     -4,      3,    306, Y,  268,   18,  201,  506,  140,  719,    258.0,    257.7,    -17.3,      1.8,     79.6,     92.3,    258.0,    258.7
TG, 0039, 2024092918_F006_089N_0217W_FOF, 2024092918, 03, GFSO, 054, 105N,  242W,  34, 1003, XX,  34, NEQ, 0000, 0000, 0000, 0000, 1008,   26,   28,    -53,    189,    364, Y,  296,   16,  272, 1568,  216, 1317,    258.1,    257.5,    -21.6,      6.4,     85.6,     94.2,    258.1,    259.1
TG, 0039, 2024092918_F006_089N_0217W_FOF, 2024092918, 03, GFSO, 060, 107N,  250W,  29, 1003, XX,  34, NEQ, 0000, 0000, 0000, 0000, 1007,   60,   58,     59,    413,    390, Y,  286,   40,  282,  941,  244,  754,    258.0,    257.5,    -20.1,      3.4,     83.7,     93.0,    258.0,    258.7
TG, 0039, 2024092918_F006_089N_0217W_FOF, 2024092918, 03, GFSO, 066, 108N,  255W,  36, 1004, XX,  34, NEQ, 0073, 0063, 0000, 0000, 1011,   98,   73,     67,    919,    407, Y,  287,   31,  357,  984,  279,  714,    258.1,    257.5,    -21.5,      2.6,     77.2,     91.4,    258.1,    258.4
TG, 0039, 2024092918_F006_089N_0217W_FOF, 2024092918, 03, GFSO, 072, 110N,  257W,  32, 1001, XX,  34, NEQ, 0000, 0000, 0000, 0000, 1004,   35,   46,     36,    707,    529, Y,  298,   19,  356,  762,  323,  632,    258.6,    257.8,    -20.2,      0.5,     79.0,     90.4,    258.6,    259.7
TG, 0039, 2024092918_F006_089N_0217W_FOF, 2024092918, 03, GFSO, 078, 110N,  258W,  45,  999, XX,  34, NEQ, 0050, 0058, 0044, 0052, 1000,   12,   41,     37,    298,    899, Y,  267,   18,  472, 1454,  418, 1563,    258.9,    257.7,    -21.9,     -2.8,     73.0,     92.8,    258.9,    260.6
TG, 0039, 2024092918_F006_089N_0217W_FOF, 2024092918, 03, GFSO, 084, 107N,  258W,  50,  993, XX,  34, NEQ, 0051, 0076, 0078, 0053, 1006,   80,   26,      4,    699,    810, Y,  234,   14,  535, 1889,  459, 1738,    258.8,    257.5,    -21.6,     -1.2,     62.1,     93.5,    258.8,    260.3
TG, 0039, 2024092918_F006_089N_0217W_FOF, 2024092918, 03, GFSO, 090, 105N,  262W,  50,  992, XX,  34, NEQ, 0080, 0073, 0060, 0076,  998,   27,   27,     26,    560,   1024, Y,  252,   22,  612, 1573,  562, 1436,    259.2,    257.5,    -19.9,     -0.1,     44.4,     92.2,    259.2,    260.7
TG, 0039, 2024092918_F006_089N_0217W_FOF, 2024092918, 03, GFSO, 096, 105N,  264W,  58,  986, XX,  34, NEQ, 0065, 0055, 0050, 0094,  997,   33,   31,    -50,    821,   1190, Y,  276,   15,  672, 1738,  641, 1696,    259.5,    257.5,    -17.3,      3.6,     32.8,     90.6,    259.5,    261.5
TG, 0039, 2024092918_F006_089N_0217W_FOF, 2024092918, 03, GFSO, 102, 105N,  269W,  59,  985, XX,  34, NEQ, 0078, 0057, 0065, 0081,  994,   30,   24,    -44,    871,   1703, Y,  279,   21,  713, 1789,  653, 1815,    259.9,    257.5,    -18.7,      2.6,     45.0,     89.1,    259.9,    262.6
TG, 0039, 2024092918_F006_089N_0217W_FOF, 2024092918, 03, GFSO, 108, 107N,  274W,  68,  982, XX,  34, NEQ, 0063, 0058, 0059, 0076,  992,   33,   30,    -30,    988,   1469, Y,  292,   21,  740, 1851,  690, 1680,    259.8,    257.4,    -16.5,     -1.2,     46.0,     90.8,    259.8,    262.0
TG, 0039, 2024092918_F006_089N_0217W_FOF, 2024092918, 03, GFSO, 114, 109N,  277W,  61,  985, XX,  34, NEQ, 0069, 0074, 0062, 0083,  995,   33,   27,    -35,    911,   1535, Y,  309,   21,  723, 1910,  677, 1760,    260.2,    257.8,    -19.6,     -2.4,     75.7,     91.1,    260.2,    262.8
TG, 0039, 2024092918_F006_089N_0217W_FOF, 2024092918, 03, GFSO, 120, 112N,  281W,  64,  983, XX,  34, NEQ, 0096, 0068, 0063, 0068,  989,   21,   23,    -17,    791,   1133, Y, -999, -999,  748, 1780,  672, 1746,    260.0,    257.9,    -19.4,     -5.1,     52.0,     94.5,    260.0,    262.3
TG, 0045, 2024092918_F012_099N_1334W_FOF, 2024092918, 03, GFSO, 012,  99N, 1334W,  19, 1009, XX,  34, NEQ, 0000, 0000, 0000, 0000, 1012,   15,   77,   -999,  -9999,  -9999, Y,  252,   29,  114,  437,   85,  453,    257.4,    257.1,    -24.4,    -12.6,      7.2,     73.1,    257.4,    259.2
TG, 0045, 2024092918_F012_099N_1334W_FOF, 2024092918, 03, GFSO, 018, 104N, 1333W,  18, 1009, XX,  34, NEQ, 0000, 0000, 0000, 0000, 1010,   24,   37,    -18,     47,    -40, N,  308,   12,  111,  522,   86,  402,    257.2,    256.9,    -22.0,     -9.9,      7.4,     63.5,    257.2,    257.4
TG, 0045, 2024092918_F012_099N_1334W_FOF, 2024092918, 03, GFSO, 024, 104N, 1337W,  19, 1012, XX,  34, NEQ, 0000, 0000, 0000, 0000, 1013,   41,   38,     25,    125,    -84, N,  259,   29,  114,  466,   59,  281,    257.5,    257.1,    -22.8,    -12.3,      7.4,     57.9,    257.5,    257.6
TG, 0045, 2024092918_F012_099N_1334W_FOF, 2024092918, 03, GFSO, 030, 104N, 1343W,  21, 1008, XX,  34, NEQ, 0000, 0000, 0000, 0000, 1010,   44,   21,     29,     40,   -139, N,  260,   31,  134,  714,   67,  665,    257.9,    257.3,    -21.6,    -13.1,      7.1,     60.4,    257.9,    258.0
TG, 0045, 2024092918_F012_099N_1334W_FOF, 2024092918, 03, GFSO, 036, 104N, 1347W,  17, 1012, XX,  34, NEQ, 0000, 0000, 0000, 0000, 1013,   23,   37,     16,    145,   -224, N,  261,   28,  131,  509,   67,  307,    257.7,    257.2,    -20.0,    -13.7,      7.5,     71.9,    257.7,    257.8
TG, 0045, 2024092918_F012_099N_1334W_FOF, 2024092918, 03, GFSO, 042, 104N, 1350W,  18, 1009, XX,  34, NEQ, 0000, 0000, 0000, 0000, 1010,   22,   17,     19,    170,   -348, N,  257,   22,  134,  439,   65,  174,    257.7,    257.0,    -19.2,    -13.5,      8.1,     73.3,    257.7,    257.8
TG, 0045, 2024092918_F012_099N_1334W_FOF, 2024092918, 03, GFSO, 048, 104N, 1352W,  18, 1012, XX,  34, NEQ, 0000, 0000, 0000, 0000, 1013,   24,   28,     14,    236,   -305, N,  261,   21,  143,  459,   70,  183,    257.7,    257.1,    -21.3,    -14.4,      8.4,     78.1,    257.7,    257.7
TG, 0045, 2024092918_F012_099N_1334W_FOF, 2024092918, 03, GFSO, 054, 102N, 1352W,  21, 1008, XX,  34, NEQ, 0000, 0000, 0000, 0000, 1010,   64,   41,    -18,     82,   -201, N,  223,   16,  151,  451,   73,  238,    257.5,    257.2,    -23.4,    -14.9,     23.9,     83.6,    257.5,    257.7
TG, 0045, 2024092918_F012_099N_1334W_FOF, 2024092918, 03, GFSO, 060, 103N, 1354W,  20, 1011, XX,  34, NEQ, 0000, 0000, 0000, 0000, 1012,   16,   23,     42,    224,   -260, N,  269,   18,  161,  441,   74,  311,    257.5,    257.1,    -21.4,    -11.5,     26.5,     82.9,    257.5,    257.9
TG, 0045, 2024092918_F012_099N_1334W_FOF, 2024092918, 03, GFSO, 066, 104N, 1355W,  21, 1008, XX,  34, NEQ, 0000, 0000, 0000, 0000, 1009,   16,   19,     32,    257,   -248, N,  275,   12,  158,  463,   82,  332,    257.4,    257.0,    -20.1,    -11.3,     20.6,     80.0,    257.4,    257.6
TG, 0045, 2024092918_F012_099N_1334W_FOF, 2024092918, 03, GFSO, 072, 105N, 1354W,  22, 1011, XX,  34, NEQ, 0000, 0000, 0000, 0000, 1012,   18,   20,      3,    286,   -204, N,  313,    6,  168,  477,   92,  334,    257.1,    256.8,    -17.9,     -9.4,     25.9,     80.3,    257.1,    257.3
TG, 0045, 2024092918_F012_099N_1334W_FOF, 2024092918, 03, GFSO, 078, 107N, 1350W,  28, 1007, XX,  34, NEQ, 0000, 0000, 0000, 0000, 1009,   31,   32,    -15,     49,     23, N,   56,   14,  177,  585,   99,  341,    257.3,    256.8,    -16.8,     -8.3,     51.0,     83.9,    257.3,    257.5
TG, 0045, 2024092918_F012_099N_1334W_FOF, 2024092918, 03, GFSO, 084, 111N, 1346W,  24, 1010, XX,  34, NEQ, 0000, 0000, 0000, 0000, 1006,   51,   30,     -9,    340,   -179, N,   46,   19,  170,  612,   98,  373,    257.1,    256.6,    -10.9,     -5.4,     41.1,     80.0,    257.1,    257.3
TG, 0045, 2024092918_F012_099N_1334W_FOF, 2024092918, 03, GFSO, 090, 115N, 1338W,  25, 1007, XX,  34, NEQ, 0000, 0000, 0000, 0000, 1010,  125,   23,    -21,    484,   -104, N,   66,   33,  170,  680,  106,  460,    256.8,    256.3,     -8.6,     -4.5,     20.9,     79.2,    256.8,    256.9
TG, 0045, 2024092918_F012_099N_1334W_FOF, 2024092918, 03, GFSO, 096, 116N, 1331W,  29, 1008, XX,  34, NEQ, 0000, 0000, 0000, 0000, -999, -999,   24,    -31,    302,    140, N,   75,   26,  201,  790,  136, 1022,    256.9,    256.4,     -8.6,     -1.6,      8.8,     79.9,    256.9,    257.0
TG, 0045, 2024092918_F012_099N_1334W_FOF, 2024092918, 03, GFSO, 102, 123N, 1325W,  26, 1007, XX,  34, NEQ, 0000, 0000, 0000, 0000, 1009,  100,   42,    -25,    -37,     45, N,   57,   35,  164,  478,   93,  271,    257.0,    256.5,     -7.7,      1.0,      5.2,     67.3,    257.0,    257.1
TG, 0045, 2024092918_F012_099N_1334W_FOF, 2024092918, 03, GFSO, 108, 134N, 1319W,  22, 1010, XX,  34, NEQ, 0000, 0000, 0000, 0000, 1012,  104,   58,     -8,     39,     26, N,   40,   38,  146,  338,   65,  203,    256.8,    256.5,     -6.8,      2.8,      5.2,     44.6,    256.8,    256.9
TG, 0045, 2024092918_F012_099N_1334W_FOF, 2024092918, 03, GFSO, 114, 140N, 1316W,  20, 1008, XX,  34, NEQ, 0000, 0000, 0000, 0000, 1010,   94,   62,     -9,     20,    -34, N,   52,   27,  137,  310,   77,  173,    256.9,    256.5,     -6.6,      2.8,      5.3,     40.6,    256.9,    257.0
TG, 0045, 2024092918_F012_099N_1334W_FOF, 2024092918, 03, GFSO, 120, 142N, 1313W,  20, 1011, XX,  34, NEQ, 0000, 0000, 0000, 0000, 1013,   86,   72,     28,    -61,    -52, N, -999, -999,  137,  260,   77,  161,    256.9,    256.6,     -5.0,      2.6,      6.2,     33.6,    256.9,    257.0
TG, 0074, 2024092918_F030_115N_0806W_FOF, 2024092918, 03, GFSO, 030, 115N,  806W,  18, 1009, XX,  34, NEQ, 0000, 0000, 0000, 0000, 1010,   21,   35,   -999,  -9999,  -9999, N,  316,   30,  146,  645,  157,  467,    257.3,    257.1,     -8.6,      0.5,     60.5,     94.8,    257.3,    257.5
TG, 0074, 2024092918_F030_115N_0806W_FOF, 2024092918, 03, GFSO, 036, 120N,  809W,  17, 1008, XX,  34, NEQ, 0000, 0000, 0000, 0000, 1009,   22,   39,     27,    -28,     76, N,  330,   33,  131,  303,  123,  318,    257.1,    256.9,     -9.3,      1.5,     77.2,     93.2,    257.1,    257.6
TG, 0074, 2024092918_F030_115N_0806W_FOF, 2024092918, 03, GFSO, 042, 129N,  808W,  21, 1009, XX,  34, NEQ, 0000, 0000, 0000, 0000, -999, -999,   91,     -6,    -34,    135, N,  349,   44,  146,  246,  133,  472,    257.1,    256.8,     -8.7,      2.4,     71.1,     93.3,    257.1,    257.5
TG, 0074, 2024092918_F030_115N_0806W_FOF, 2024092918, 03, GFSO, 048, 141N,  812W,  25, 1008, XX,  34, NEQ, 0000, 0000, 0000, 0000, 1009,   66,   57,     24,   -143,    171, N,  337,   58,  165,  680,  165,  861,    257.5,    257.3,    -12.0,      2.1,     79.4,     92.1,    257.5,    257.7
TG, 0074, 2024092918_F030_115N_0806W_FOF, 2024092918, 03, GFSO, 054, 151N,  817W,  29, 1007, XX,  34, NEQ, 0000, 0000, 0000, 0000, -999, -999,   69,     16,    149,    204, Y,  334,   51,  177,  579,  172,  689,    257.6,    257.3,    -17.1,     -0.3,     45.9,     87.3,    257.6,    258.7
TG, 0074, 2024092918_F030_115N_0806W_FOF, 2024092918, 03, GFSO, 060, 161N,  823W,  28, 1007, XX,  34, NEQ, 0000, 0000, 0000, 0000, 1008,   40,   37,    -32,   -203,    205, Y,  337,   51,  199, 1004,  156, 1053,    257.6,    257.2,    -16.5,     -1.5,     49.6,     83.1,    257.6,    258.7
TG, 0074, 2024092918_F030_115N_0806W_FOF, 2024092918, 03, GFSO, 066, 169N,  827W,  31, 1003, XX,  34, NEQ, 0000, 0000, 0000, 0000, 1008,   73,   34,    -30,    -95,    609, Y,  338,   42,  218, 1291,  190, 1453,    257.6,    257.1,    -15.4,     -2.1,     48.7,     80.3,    257.6,    259.3
TG, 0074, 2024092918_F030_115N_0806W_FOF, 2024092918, 03, GFSO, 072, 175N,  830W,  26, 1004, XX,  34, NEQ, 0000, 0000, 0000, 0000, 1007,   62,   33,    -24,    384,    158, Y,  341,   39,  211,  831,  156,  605,    257.7,    257.3,    -17.7,     -4.4,     43.9,     70.4,    257.7,    258.1
TG, 0074, 2024092918_F030_115N_0806W_FOF, 2024092918, 03, GFSO, 078, 183N,  833W,  26, 1004, XX,  34, NEQ, 0000, 0000, 0000, 0000, 1007,  322,   49,    -28,    268,    291, Y,  343,   42,  204,  619,  154,  357,    258.1,    257.7,    -18.1,     -2.4,     44.0,     65.7,    258.1,    258.8
TG, 0074, 2024092918_F030_115N_0806W_FOF, 2024092918, 03, GFSO, 084, 192N,  838W,  25, 1004, XX,  34, NEQ, 0000, 0000, 0000, 0000, 1008,  334,   48,    -25,    468,     89, N,  341,   47,  204,  559,  155,  305,    257.7,    257.4,    -15.7,     -2.4,     43.8,     67.0,    257.7,    258.1
TG, 0074, 2024092918_F030_115N_0806W_FOF, 2024092918, 03, GFSO, 090, 199N,  841W,  24, 1005, XX,  34, NEQ, 0000, 0000, 0000, 0000, 1008,  100,   77,    -29,    151,    307, Y,  342,   39,  192,  420,  136,  326,    257.8,    257.4,    -14.6,     -2.1,     42.9,     64.7,    257.8,    258.5
TG, 0074, 2024092918_F030_115N_0806W_FOF, 2024092918, 03, GFSO, 096, 209N,  843W,  26, 1005, XX,  34, NEQ, 0000, 0000, 0000, 0000, 1007,   63,   52,    -26,    312,    157, N,  349,   51,  191,  448,  134,  316,    258.1,    257.8,    -11.6,     -0.0,     39.6,     66.8,    258.1,    258.3
TG, 0074, 2024092918_F030_115N_0806W_FOF, 2024092918, 03, GFSO, 102, 221N,  848W,  24, 1006, XX,  34, NEQ, 0000, 0000, 0000, 0000, 1007,   42,   58,    -55,    224,    373, Y,  344,   56,  170,  387,  120,  298,    258.4,    258.0,     -9.2,      0.7,     41.7,     67.0,    258.4,    259.1
TG, 0074, 2024092918_F030_115N_0806W_FOF, 2024092918, 03, GFSO, 108, 232N,  852W,  24, 1007, XX,  34, NEQ, 0000, 0000, 0000, 0000, 1009,   85,   53,    -67,    238,    294, Y,  349,   55,  169,  336,  110,  207,    258.1,    257.7,     -8.4,     -0.1,     45.8,     72.9,    258.1,    258.7
TG, 0074, 2024092918_F030_115N_0806W_FOF, 2024092918, 03, GFSO, 114, 244N,  852W,  22, 1007, XX,  34, NEQ, 0000, 0000, 0000, 0000, 1008,   32,   41,    -37,     18,    549, Y,    6,   50,  154,  307,  119,  196,    258.0,    257.7,    -10.5,     -0.8,     48.8,     76.9,    258.0,    259.8
TG, 0074, 2024092918_F030_115N_0806W_FOF, 2024092918, 03, GFSO, 120, 251N,  850W,  21, 1008, XX,  34, NEQ, 0000, 0000, 0000, 0000, 1010,   80,  146,     -6,    106,    251, N, -999, -999,  146,  370,   91,  223,    258.2,    257.9,     -9.7,      1.0,     46.1,     77.7,    258.2,    258.5
TG, 0079, 2024092918_F036_296N_1353E_FOF, 2024092918, 03, GFSO, 036, 296N, 1353E,  34, 1003, XX,  34, NEQ, 0000, 0000, 0037, 0000, -999, -999,   37,   -999,  -9999,  -9999, N,   83,   58,  279,  913,  239,  678,    257.8,    255.3,    -22.7,    -14.7,     15.1,     57.9,    257.8,    258.1
TG, 0079, 2024092918_F036_296N_1353E_FOF, 2024092918, 03, GFSO, 042, 295N, 1365E,  30, 1006, XX,  34, NEQ, 0000, 0000, 0000, 0000, 1005,  121,   30,    -48,    -99,   -906, N,   80,   55,  261,  798,  227,  602,    257.5,    255.4,    -15.9,     -9.9,     22.0,     62.0,    257.5,    257.7
TG, 0079, 2024092918_F036_296N_1353E_FOF, 2024092918, 03, GFSO, 048, 298N, 1376E,  26, 1006, XX,  34, NEQ, 0000, 0000, 0000, 0000, 1009,   35,   67,     -6,    -50,   -802, N,   67,   62,  234,  752,  208,  597,    257.4,    255.8,    -19.7,    -12.3,     14.0,     60.2,    257.4,    257.8
TG, 0079, 2024092918_F036_296N_1353E_FOF, 2024092918, 03, GFSO, 054, 303N, 1385E,  25, 1009, XX,  34, NEQ, 0000, 0000, 0000, 0000, 1012,   51,   35,     11,    -27,   -560, N,   58,   59,  219,  618,  186,  488,    257.5,    256.4,    -20.9,    -11.2,     15.3,     54.2,    257.5,    257.6
TG, 0079, 2024092918_F036_296N_1353E_FOF, 2024092918, 03, GFSO, 060, 309N, 1396E,  26, 1009, XX,  34, NEQ, 0000, 0000, 0000, 0000, 1011,   35,   55,     23,   -245,   -276, N,   55,   61,  202,  540,  163,  360,    257.7,    256.9,    -19.9,    -10.6,     26.1,     53.9,    257.7,    257.8
TG, 0079, 2024092918_F036_296N_1353E_FOF, 2024092918, 03, GFSO, 066, 317N, 1403E,  23, 1012, XX,  34, NEQ, 0000, 0000, 0000, 0000, 1013,   17,   54,     32,   -465,   -220, Y,   37,   56,  181,  457,  134,  320,    258.1,    257.3,    -24.8,     -9.2,     35.6,     56.3,    258.1,    258.3
TG, 0079, 2024092918_F036_296N_1353E_FOF, 2024092918, 03, GFSO, 072, 330N, 1404E,  30, 1013, XX,  34, NEQ, 0000, 0000, 0000, 0000, 1015,   51,  154,    124,  -1025,    150, N,   17,   69,  157,  346,  116,  283,    257.6,    257.1,    -17.5,     -2.4,     39.5,     53.1,    257.6,    257.7
TG, 0079, 2024092918_F036_296N_1353E_FOF, 2024092918, 03, GFSO, 078, 340N, 1401E,  33, 1017, XX,  34, NEQ, 0000, 0000, 0000, 0000, 1019,   51,   81,     55,  -1153,    105, N,    2,   63,  166,  289,   95,  195,    257.2,    256.9,    -13.9,      8.1,     36.7,     56.7,    257.2,    257.4
TG, 0079, 2024092918_F036_296N_1353E_FOF, 2024092918, 03, GFSO, 084, 351N, 1400E,  36, 1017, XX,  34, NEQ, 0000, 0000, 0080, 0000, 1018,   26,   71,    115,  -1111,    104, N,    7,   72,  183,  478,   63,  176,    257.6,    257.3,    -10.2,     13.4,     34.1,     57.1,    257.6,    257.9
TG, 0079, 2024092918_F036_296N_1353E_FOF, 2024092918, 03, GFSO, 090, 363N, 1388E,  32, 1019, XX,  34, NEQ, 0000, 0000, 0000, 0000, -999, -999,   96,    -61,  -1254,   -167, N,  348,   85,  134,  293,   37,  232,    257.8,    257.3,     -8.5,     21.2,     28.9,     63.1,    257.8,    257.9
TG, 0079, 2024092918_F036_296N_1353E_FOF, 2024092918, 03, GFSO, 096, 382N, 1362E,  30, 1014, XX,  34, NEQ, 0000, 0000, 0000, 0000, -999, -999,  136,   -110,  -2365,  -1539, N,  345,  108,  214,  642,  104,  333,    257.5,    256.7,      3.5,     25.5,     41.0,     92.9,    257.5,    257.7
TG, 0079, 2024092918_F036_296N_1353E_FOF, 2024092918, 03, GFSO, 102, 395N, 1348E,  36, 1016, XX,  34, NEQ, 0000, 0000, 0153, 0000, 1017,   36,  136,    -41,  -3074,  -3478, N,    6,   74,  202,  119,   97,  424,    257.1,    255.6,      4.2,     33.4,     12.1,     82.5,    257.1,    257.3
TG, 0091, 2024092918_F042_134N_0923W_FOF, 2024092918, 03, GFSO, 042, 134N,  923W,  35, 1006, XX,  34, NEQ, 0000, 0000, 0074, 0000, 1011,   43,   74,   -999,  -9999,  -9999, Y,   77,    5,  208,  948,  183,  757,    258.4,    257.9,    -24.3,     -5.0,     88.8,     94.1,    258.4,    259.4
TG, 0091, 2024092918_F042_134N_0923W_FOF, 2024092918, 03, GFSO, 048, 138N,  919W,  36, 1007, XX,  34, NEQ, 0000, 0000, 0197, 0000, 1008,   43,   40,    -83,    -69,    291, N,   38,   20,  230, 1373,  208,  951,    258.1,    257.8,    -24.4,     -4.6,     55.9,     91.7,    258.1,    259.0
TG, 0091, 2024092918_F042_134N_0923W_FOF, 2024092918, 03, GFSO, 054, 141N,  926W,  34, 1005, XX,  34, NEQ, 0000, 0000, 0026, 0000, -999, -999,   25,     93,    132,    388, Y,  313,   15,  198, 1286,  164, 1171,    258.5,    258.0,    -23.8,     -9.5,     69.9,     94.7,    258.5,    259.7
TG, 0091, 2024092918_F042_134N_0923W_FOF, 2024092918, 03, GFSO, 060, 146N,  931W,  28, 1005, XX,  34, NEQ, 0000, 0000, 0000, 0000, 1008,   39,  127,     34,    224,    247, N,  335,   17,  212, 1095,  159, 1187,    258.3,    257.8,    -21.5,     -8.5,     66.8,     95.1,    258.3,    258.8
TG, 0091, 2024092918_F042_134N_0923W_FOF, 2024092918, 03, GFSO, 066, 148N,  940W,  27, 1003, XX,  34, NEQ, 0000, 0000, 0000, 0000, 1006,   30,   83,     38,     80,     89, Y,  296,   19,  193, 1069,  163, 1223,    258.3,    257.8,    -22.1,     -5.9,     83.8,     91.6,    258.3,    259.3
TG, 0091, 2024092918_F042_134N_0923W_FOF, 2024092918, 03, GFSO, 072, 145N,  947W,  27, 1004, XX,  34, NEQ, 0000, 0000, 0000, 0000, 1006,   15,   17,     53,    245,    164, Y,  259,    9,  209, 1496,  183,  894,    258.5,    257.9,    -22.9,     -7.3,     71.5,     92.4,    258.5,    259.5
TG, 0091, 2024092918_F042_134N_0923W_FOF, 2024092918, 03, GFSO, 078, 146N,  949W,  31, 1003, XX,  34, NEQ, 0000, 0000, 0000, 0000, 1006,   32,   39,     12,    487,    153, Y,   36,   13,  217, 1077,  186,  822,    258.6,    258.2,    -20.5,     -7.8,     66.0,     94.6,    258.6,    259.3
TG, 0091, 2024092918_F042_134N_0923W_FOF, 2024092918, 03, GFSO, 084, 148N,  949W,  27, 1003, XX,  34, NEQ, 0000, 0000, 0000, 0000, 1007,   40,   39,     -7,    506,    293, Y,   51,   18,  238, 1054,  207, 1008,    258.5,    258.1,    -23.1,     -7.0,     68.1,     95.2,    258.5,    259.3
TG, 0091, 2024092918_F042_134N_0923W_FOF, 2024092918, 03, GFSO, 090, 149N,  944W,  40,  999, XX,  34, NEQ, 0025, 0033, 0027, 0000, 1006,   43,   28,    -21,    742,    387, Y,   62,   26,  317, 1682,  289, 1622,    258.6,    258.0,    -19.1,     -4.9,     75.0,     93.5,    258.6,    259.5
TG, 0091, 2024092918_F042_134N_0923W_FOF, 2024092918, 03, GFSO, 096, 153N,  942W,  42,  999, XX,  34, NEQ, 0027, 0030, 0018, 0017, 1005,   29,   16,      3,    792,    517, Y,   32,   27,  322, 1836,  309, 1722,    259.0,    258.3,    -15.7,     -4.0,     79.5,     93.5,    259.0,    260.1
TG, 0091, 2024092918_F042_134N_0923W_FOF, 2024092918, 03, GFSO, 102, 161N,  943W,  50, 1002, XX,  34, NEQ, 0000, 0025, 0012, 0000, 1007,   39,   20,     52,    468,    435, Y,    7,   33,  207, 1826,  252, 1368,    258.8,    258.3,    -14.5,     -6.7,     82.6,     96.2,    258.8,    259.5
TG, 0091, 2024092918_F042_134N_0923W_FOF, 2024092918, 03, GFSO, 108, 167N,  945W,  20, 1009, XX,  34, NEQ, 0000, 0000, 0000, 0000, 1009,  130,   73,     61,    314,    370, Y,    4,   32,  123,  442,  170,  519,    258.4,    258.1,    -12.7,     -6.0,     83.4,     96.8,    258.4,    259.5
TG, 0091, 2024092918_F042_134N_0923W_FOF, 2024092918, 03, GFSO, 114, 181N,  949W,  23, 1008, XX,  34, NEQ, 0000, 0000, 0000, 0000, 1008,   32,   60,    107,    414,    189, N,  345,   45,  136,  479,  113,  680,    258.3,    258.1,     -9.7,     -2.9,     84.9,     96.5,    258.3,    258.7
TG, 0091, 2024092918_F042_134N_0923W_FOF, 2024092918, 03, GFSO, 120, 187N,  949W,  25, 1010, XX,  34, NEQ, 0000, 0000, 0000, 0000, 1013,   86,   19,     82,    112,    266, N, -999, -999,  163,  674,  138,  607,    258.7,    258.5,    -10.6,     -5.0,     84.8,     93.4,    258.7,    259.0
TG, 0093, 2024092918_F042_150N_1004W_FOF, 2024092918, 03, GFSO, 042, 150N, 1004W,  32, 1006, XX,  34, NEQ, 0000, 0000, 0000, 0000, 1007,   58,  102,   -999,  -9999,  -9999, Y,  144,   14,  196,  699,  147,  486,    258.4,    257.9,    -25.2,     -9.1,     75.2,     91.2,    258.4,    259.3
TG, 0093, 2024092918_F042_150N_1004W_FOF, 2024092918, 03, GFSO, 048, 152N, 1000W,  33, 1004, XX,  34, NEQ, 0000, 0000, 0000, 0000, 1007,   54,   50,   -108,    568,    112, Y,   97,   10,  245,  720,  210,  655,    258.3,    258.0,    -30.1,    -10.9,     75.0,     89.3,    258.3,    259.2
TG, 0093, 2024092918_F042_150N_1004W_FOF, 2024092918, 03, GFSO, 054, 151N, 1004W,  26, 1004, XX,  34, NEQ, 0000, 0000, 0000, 0000, 1006,   44,   54,    153,    332,    208, Y,  223,   15,  211,  658,  142,  390,    258.4,    258.0,    -27.1,     -8.4,     79.9,     91.2,    258.4,    259.7
TG, 0093, 2024092918_F042_150N_1004W_FOF, 2024092918, 03, GFSO, 060, 148N, 1006W,  28, 1006, XX,  34, NEQ, 0000, 0000, 0000, 0000, 1007,   25,   10,     83,    420,    218, N,  206,   14,  152,  629,  110,  582,    257.9,    257.8,    -28.2,    -10.9,     76.8,     94.8,    257.9,    258.2
TG, 0093, 2024092918_F042_150N_1004W_FOF, 2024092918, 03, GFSO, 066, 145N, 1003W,  24, 1005, XX,  34, NEQ, 0000, 0000, 0000, 0000, -999, -999,   26,    -72,    531,    171, N,  139,   16,  159,  568,  130,  753,    258.3,    257.9,    -32.8,     -8.4,     75.3,     91.1,    258.3,    259.2
TG, 0093, 2024092918_F042_150N_1004W_FOF, 2024092918, 03, GFSO, 072, 146N, 1006W,  33, 1004, XX,  34, NEQ, 0000, 0000, 0000, 0000, 1008,   85,   23,    114,    151,    281, Y,  293,    6,  208, 1121,  170,  904,    258.4,    257.9,    -31.2,     -8.8,     76.6,     92.5,    258.4,    260.3
TG, 0093, 2024092918_F042_150N_1004W_FOF, 2024092918, 03, GFSO, 078, 150N, 1005W,  23, 1004, XX,  34, NEQ, 0000, 0000, 0000, 0000, 1005,   31,   60,    -37,     75,    160, N,   57,   11,  166,  401,  126,  494,    258.2,    257.9,    -30.1,     -9.6,     83.2,     91.6,    258.2,    258.5
TG, 0093, 2024092918_F042_150N_1004W_FOF, 2024092918, 03, GFSO, 084, 151N, 1002W,  21, 1005, XX,  34, NEQ, 0000, 0000, 0000, 0000, 1006,   35,   80,    -64,    433,    250, Y,   89,   15,  134,  356,   94,  313,    258.3,    258.0,    -29.9,    -11.0,     77.4,     93.2,    258.3,    260.0
TG, 0093, 2024092918_F042_150N_1004W_FOF, 2024092918, 03, GFSO, 090, 148N,  993W,  22, 1005, XX,  34, NEQ, 0000, 0000, 0000, 0000, -999, -999,   77,    -19,    719,    167, N,  104,   35,  126,  377,  106,  265,    258.5,    258.2,    -31.3,     -8.5,     73.0,     89.1,    258.5,    258.7
TG, 0093, 2024092918_F042_150N_1004W_FOF, 2024092918, 03, GFSO, 096, 145N, 1000W,  25, 1004, XX,  34, NEQ, 0000, 0000, 0000, 0000, 1007,   63,   98,     89,    293,    195, Y,  223,    9,  163,  513,  164,  670,    258.5,    258.0,    -32.1,     -9.1,     76.4,     91.3,    258.5,    260.2
TG, 0119, 2024092918_F048_099N_1413W_FOF, 2024092918, 03, GFSO, 048,  99N, 1413W,  19, 1013, XX,  34, NEQ, 0000, 0000, 0000, 0000, 1014,   62,   52,   -999,  -9999,  -9999, N,  255,   40,  116,  355,   46,  241,    257.4,    256.9,    -16.7,     -9.0,      7.9,     68.3,    257.4,    257.6
TG, 0119, 2024092918_F048_099N_1413W_FOF, 2024092918, 03, GFSO, 054, 100N, 1416W,  17, 1010, XX,  34, NEQ, 0000, 0000, 0000, 0000, 1011,   28,   35,     17,    -23,   -189, N,  263,   23,  117,  331,   42,  259,    257.6,    257.2,    -18.3,    -10.8,      7.3,     61.4,    257.6,    257.8
TG, 0119, 2024092918_F048_099N_1413W_FOF, 2024092918, 03, GFSO, 060,  99N, 1419W,  17, 1012, XX,  34, NEQ, 0000, 0000, 0000, 0000, 1013,   33,   21,     16,     10,   -314, N,  246,   25,  121,  377,   41,  195,    257.6,    256.9,    -20.4,    -13.8,      6.9,     70.7,    257.6,    257.7
TG, 0119, 2024092918_F048_099N_1413W_FOF, 2024092918, 03, GFSO, 066,  98N, 1421W,  16, 1009, XX,  34, NEQ, 0000, 0000, 0000, 0000, 1010,   22,   20,      0,    116,   -339, N,  244,   18,  134,  407,   57,  267,    257.2,    256.6,    -20.9,    -14.5,      7.2,     69.3,    257.2,    257.4
TG, 0119, 2024092918_F048_099N_1413W_FOF, 2024092918, 03, GFSO, 072,  99N, 1423W,  17, 1011, XX,  34, NEQ, 0000, 0000, 0000, 0000, 1012,   23,   29,      2,    171,   -238, N,  263,   17,  137,  403,   64,  205,    257.2,    256.6,    -20.9,    -13.4,      7.7,     69.2,    257.2,    257.3
TG, 0119, 2024092918_F048_099N_1413W_FOF, 2024092918, 03, GFSO, 078,  99N, 1421W,  20, 1008, XX,  34, NEQ, 0000, 0000, 0000, 0000, 1009,   26,   23,     -9,    201,   -328, N,  216,    1,  142,  367,   75,  252,    257.4,    256.8,    -19.5,    -13.1,      9.9,     69.5,    257.4,    257.5
TG, 0119, 2024092918_F048_099N_1413W_FOF, 2024092918, 03, GFSO, 084, 100N, 1420W,  19, 1010, XX,  34, NEQ, 0000, 0000, 0000, 0000, 1012,   54,   21,     -1,    198,   -298, N,  355,    5,  155,  474,   92,  328,    257.3,    256.6,    -18.2,    -11.1,     13.3,     67.4,    257.3,    257.5
TG, 0119, 2024092918_F048_099N_1413W_FOF, 2024092918, 03, GFSO, 090, 102N, 1418W,  20, 1008, XX,  34, NEQ, 0000, 0000, 0000, 0000, 1010,   59,   23,     -8,    247,   -243, N,   40,    8,  161,  458,  102,  356,    257.0,    256.4,    -16.5,     -9.6,     14.4,     67.0,    257.0,    257.1
TG, 0119, 2024092918_F048_099N_1413W_FOF, 2024092918, 03, GFSO, 096, 104N, 1416W,  22, 1010, XX,  34, NEQ, 0000, 0000, 0000, 0000, 1012,   45,   26,     -4,    260,   -121, N,   48,   11,  165,  505,  105,  419,    256.8,    256.4,    -15.4,     -6.4,     17.4,     65.9,    256.8,    257.0
TG, 0119, 2024092918_F048_099N_1413W_FOF, 2024092918, 03, GFSO, 102, 107N, 1413W,  22, 1007, XX,  34, NEQ, 0000, 0000, 0000, 0000, 1009,   52,   22,     14,    283,   -139, N,   55,   16,  164,  535,  101,  389,    257.0,    256.6,    -13.3,     -5.0,     11.8,     66.2,    257.0,    257.1
TG, 0119, 2024092918_F048_099N_1413W_FOF, 2024092918, 03, GFSO, 108, 108N, 1411W,  23, 1009, XX,  34, NEQ, 0000, 0000, 0000, 0000, 1011,   30,   26,     10,    300,      7, N,   72,   11,  165,  683,  105,  410,    256.9,    256.5,    -11.7,     -2.7,     10.6,     61.2,    256.9,    257.1
TG, 0119, 2024092918_F048_099N_1413W_FOF, 2024092918, 03, GFSO, 114, 109N, 1409W,  23, 1007, XX,  34, NEQ, 0000, 0000, 0000, 0000, 1009,   31,   23,     17,    358,    -10, N,   68,   13,  172,  657,  113,  553,    256.8,    256.4,    -10.7,     -1.9,      9.0,     60.3,    256.8,    256.9
TG, 0119, 2024092918_F048_099N_1413W_FOF, 2024092918, 03, GFSO, 120, 111N, 1407W,  22, 1010, XX,  34, NEQ, 0000, 0000, 0000, 0000, 1012,   29,   27,     15,    276,     54, N, -999, -999,  172,  652,  117,  516,    256.7,    256.6,    -10.1,     -1.2,      8.1,     51.3,    256.7,    256.8
TG, 0142, 2024092918_F066_201N_0923W_FOF, 2024092918, 03, GFSO, 066, 201N,  923W,  24, 1007, XX,  34, NEQ, 0000, 0000, 0000, 0000, 1008,   85,  162,   -999,  -9999,  -9999, N,  272,   30,   76,  157,   54,   49,    257.8,    257.5,     -4.0,      1.7,     49.5,     87.3,    257.8,    258.2
TG, 0142, 2024092918_F066_201N_0923W_FOF, 2024092918, 03, GFSO, 072, 189N,  936W,  33, 1008, XX,  34, NEQ, 0000, 0000, 0000, 0000, 1008,   85,  144,    -45,    365,    112, N,  241,   52,   67,  226,   80,   35,    258.2,    258.0,     -4.2,     -1.8,     67.1,     87.8,    258.2,    258.3
TG, 0142, 2024092918_F066_201N_0923W_FOF, 2024092918, 03, GFSO, 078, 192N,  953W,  34, 1008, XX,  34, NEQ, 0000, 0000, 0000, 0000, 1006,   32,   54,    -39,    830,    153, N,  273,   49,   79,  302,  103,  227,    258.4,    258.1,     -6.9,     -2.7,     77.8,     92.3,    258.4,    259.0
TG, 0142, 2024092918_F066_201N_0923W_FOF, 2024092918, 03, GFSO, 084, 193N,  958W,  31, 1009, XX,  34, NEQ, 0000, 0000, 0000, 0000, 1006,   51,   14,    -25,    667,    277, N,  272,   20,   59,  262,   75,  427,    258.3,    257.9,     -7.5,     -2.0,     20.6,     87.5,    258.3,    259.0
TG, 0142, 2024092918_F066_201N_0923W_FOF, 2024092918, 03, GFSO, 090, 190N,  945W,  27, 1007, XX,  34, NEQ, 0000, 0258, 0000, 0000, -999, -999,   73,    -34,   1122,    381, N,  102,   27,   68,  170,  132,  112,    258.5,    258.1,     -6.1,     -0.8,     17.6,     87.8,    258.5,    258.7
TG, 0142, 2024092918_F066_201N_0923W_FOF, 2024092918, 03, GFSO, 096, 182N,  944W,  27, 1007, XX,  34, NEQ, 0000, 0194, 0178, 0000, 1007,   63,  134,    -70,    939,    360, Y,  197,   14,  322,  457,  309,  486,    259.0,    258.5,    -10.8,     -1.7,     23.0,     88.7,    259.0,    260.1
AL,  90L, 2024092918_F000_138N_0321W_90L, 2024092918, 03, GFSO, 000, 140N,  318W,  26, 1005, XX,  34, NEQ, 0000, 0000, 0000, 0000, 1009,  172,   44,   -999,  -9999,  -9999, Y,  278,   30,  251,  457,  247,  606,    258.6,    258.0,    -20.1,     -3.1,     34.3,     73.7,    258.6,    259.1
WP,  20W, 2024092918_F000_200N_1223E_20W, 2024092918, 03, GFSO, 000, 199N, 1226E,  79,  959, XX,  34, NEQ, 0176, 0164, 0122, 0174,  977,   33,   30,   -999,  -9999,  -9999, Y,  324,   34, 1010, 2174,  901, 1856,    263.8,    260.9,    -16.8,     -3.3,     76.3,     95.4,    263.8,    266.6
HC,  01G, 2024092918_F000_083N_0228W_01G, 2024092918, 03, GFSO, 000,  83N,  228W,  33, 1005, XX,  34, NEQ, 0000, 0000, 0000, 0000, 1009,   28,   17,   -999,  -9999,  -9999, Y,  306,   10,   90, 1175,   84, 1207,    258.2,    257.9,    -19.0,     -8.3,     90.9,     95.7,    258.2,    260.0
HC,  02G, 2024092918_F000_302N_1063E_02G, 2024092918, 03, GFSO, 000, 301N, 1057E,  29, 1007, XX,  34, NEQ, 0000, 0000, 0000, 0000, 1008,   24,   72,   -999,  -9999,  -9999, Y,   17,   10,  210,  752,  152,  591,    261.1,    260.7,     -4.1,      8.3,     75.5,     96.5,    261.1,    262.3
AL,  11L, 2024092918_F000_220N_0489W_11L, 2024092918, 03, GFSO, 000, 220N,  490W,  31, 1003, XX,  34, NEQ, 0000, 0000, 0000, 0000, 1009,  116,   34,   -999,  -9999,  -9999, N,  325,   27,  278,  677,  212,  429,    257.7,    257.1,     -8.4,      3.8,      4.3,     25.9,    257.7,    257.9
AL,  10L, 2024092918_F000_435N_0355W_10L, 2024092918, 03, GFSO, 000, 433N,  354W,  52,  973, XX,  34, NEQ, 0164, 0144, 0139, 0175,  980,   32,   38,   -999,  -9999,  -9999, Y,   61,   48,  672, 1437,  618, 1293,    255.2,    252.5,    -19.0,      9.0,      3.6,     62.3,    255.2,    257.1
WP,  19W, 2024092918_F000_252N_1407E_19W, 2024092918, 03, GFSO, 000, 254N, 1406E,  53,  987, XX,  34, NEQ, 0054, 0056, 0052, 0055, 1000,   40,   24,   -999,  -9999,  -9999, Y,  351,   41,  534, 2576,  469, 1840,    259.0,    257.5,    -12.2,      5.1,     14.3,     66.9,    259.0,    262.3
WP,  20W, 2024092918_F000_200N_1223E_20W, 2024092918, 03, GFSO, 006, 200N, 1224E,  86,  962, XX,  34, NEQ, 0173, 0148, 0118, 0150,  965,   21,   26,     45,   1302,   2427, Y,  344,   25,  998, 2568,  915, 2121,    263.9,    260.8,    -24.4,     -1.8,     68.3,     91.7,    263.9,    266.8
AL,  10L, 2024092918_F000_435N_0355W_10L, 2024092918, 03, GFSO, 006, 437N,  342W,  54,  976, XX,  34, NEQ, 0154, 0153, 0137, 0160,  983,   32,   44,    253,   1070,   1240, Y,   72,   52,  646, 1273,  611, 1186,    255.2,    252.6,     -5.6,     14.2,      7.4,     56.7,    255.2,    256.8
WP,  19W, 2024092918_F000_252N_1407E_19W, 2024092918, 03, GFSO, 006, 261N, 1406E,  54,  992, XX,  34, NEQ, 0055, 0063, 0033, 0045, 1003,   43,   22,     -3,   1252,   1079, Y,  359,   41,  526, 1885,  476, 1769,    259.3,    257.8,    -14.1,      3.4,     11.2,     57.3,    259.3,    261.9
AL,  11L, 2024092918_F000_220N_0489W_11L, 2024092918, 03, GFSO, 006, 221N,  494W,  23, 1006, XX,  34, NEQ, 0000, 0000, 0000, 0000, 1011,  143,   55,   -104,   1055,   -505, N,  309,   15,  229,  506,  151,  302,    257.4,    257.0,     -4.5,      9.4,      4.5,     22.3,    257.4,    257.5
AL,  90L, 2024092918_F000_138N_0321W_90L, 2024092918, 03, GFSO, 006, 138N,  325W,  29, 1007, XX,  34, NEQ, 0000, 0000, 0000, 0000, 1012,  429,   71,     87,     92,    377, Y,  268,   39,  239,  451,  241,  380,    258.4,    257.8,    -21.1,     -4.4,     37.0,     81.5,    258.4,    258.8
HC,  01G, 2024092918_F000_083N_0228W_01G, 2024092918, 03, GFSO, 006,  88N,  218W,  26, 1011, XX,  34, NEQ, 0000, 0000, 0000, 0000, 1012,  429,   21,    -50,   -182,    185, Y,   36,   21,  120,  697,  127,  468,    258.2,    257.7,    -21.0,     -2.8,     75.7,     93.9,    258.2,    259.1
HC,  02G, 2024092918_F000_302N_1063E_02G, 2024092918, 03, GFSO, 006, 307N, 1065E,  21, 1014, XX,  34, NEQ, 0000, 0000, 0000, 0000, 1012,  429,   82,    491,   2849,  -1076, N,   67,   23,  181,  527,  173,  591,    260.6,    260.2,     -5.0,      7.5,     28.9,     91.0,    260.6,    261.3
WP,  20W, 2024092918_F000_200N_1223E_20W, 2024092918, 03, GFSO, 012, 204N, 1217E,  84,  959, XX,  34, NEQ, 0143, 0129, 0147, 0316,  970,   21,   26,     43,   1787,   2141, Y,  336,   35,  976, 2667,  889, 1987,    263.4,    260.7,    -20.3,     -4.7,     34.3,     87.0,    263.4,    266.4
AL,  10L, 2024092918_F000_435N_0355W_10L, 2024092918, 03, GFSO, 012, 440N,  323W,  52,  981, XX,  34, NEQ, 0066, 0141, 0141, 0146,  986,   37,   45,    328,    670,    473, Y,   80,   72,  566, 1029,  516, 1011,    254.6,    252.6,     -1.7,     15.7,     12.3,     49.5,    254.6,    256.3
WP,  19W, 2024092918_F000_252N_1407E_19W, 2024092918, 03, GFSO, 012, 274N, 1407E,  58,  986, XX,  34, NEQ, 0068, 0068, 0026, 0026,  997,   30,   28,     42,   1399,   1344, Y,   11,   62,  546, 2206,  517, 1863,    259.6,    257.9,    -12.4,      2.7,     22.5,     60.7,    259.6,    262.3
AL,  11L, 2024092918_F000_220N_0489W_11L, 2024092918, 03, GFSO, 012, 224N,  497W,  23, 1005, XX,  34, NEQ, 0000, 0000, 0000, 0000, 1009,  100,   43,    -52,   1034,   -699, N,    0,   15,  212,  417,  110,  202,    257.3,    256.5,      1.2,      9.4,      3.8,     23.8,    257.3,    257.4
AL,  90L, 2024092918_F000_138N_0321W_90L, 2024092918, 03, GFSO, 012, 139N,  329W,  41, 1001, XX,  34, NEQ, 0052, 0000, 0000, 0000, 1009,  309,   43,     64,     70,    621, Y,  281,   33,  365,  883,  331,  741,    258.9,    258.0,    -21.7,     -2.9,     22.8,     85.6,    258.9,    259.9
HC,  02G, 2024092918_F000_302N_1063E_02G, 2024092918, 03, GFSO, 012, 300N, 1064E,  21, 1016, XX,  34, NEQ, 0000, 0000, 0000, 0000, -999, -999,  139,    -68,   3790,  -1171, N,  178,   26,  166,  431,  164,  387,    260.4,    260.0,     -5.3,      7.8,     11.9,     74.5,    260.4,    260.8
WP,  20W, 2024092918_F000_200N_1223E_20W, 2024092918, 03, GFSO, 018, 203N, 1214E,  88,  961, XX,  34, NEQ, 0116, 0108, 0139, 0314,  969,   21,   25,     37,   1458,   2319, Y,  347,   18,  968, 2813,  885, 2313,    263.8,    260.8,    -18.6,     -4.5,     53.7,     89.6,    263.8,    267.7
AL,  10L, 2024092918_F000_435N_0355W_10L, 2024092918, 03, GFSO, 018, 446N,  300W,  45,  987, XX,  34, NEQ, 0086, 0146, 0144, 0083,  994,   52,   67,    384,    787,   -836, Y,   71,   77,  480,  826,  436,  734,    254.5,    252.8,     -2.7,     24.6,     15.0,     53.4,    254.5,    255.3
WP,  19W, 2024092918_F000_252N_1407E_19W, 2024092918, 03, GFSO, 018, 289N, 1409E,  72,  983, XX,  34, NEQ, 0077, 0073, 0038, 0038,  988,   20,   21,     73,    995,   1537, Y,    7,   73,  596, 2320,  573, 2360,    259.5,    257.7,     -8.6,      2.5,     29.0,     70.6,    259.5,    262.2
AL,  90L, 2024092918_F000_138N_0321W_90L, 2024092918, 03, GFSO, 018, 140N,  341W,  43, 1000, XX,  34, NEQ, 0069, 0000, 0000, 0060, 1007,   57,   44,     41,    683,    454, Y,  280,   59,  425, 1117,  385, 1173,    259.0,    258.0,    -23.9,      1.2,     17.7,     77.7,    259.0,    260.2
AL,  11L, 2024092918_F000_220N_0489W_11L, 2024092918, 03, GFSO, 018, 227N,  497W,  23, 1007, XX,  34, NEQ, 0000, 0000, 0000, 0000, 1012,  236,   40,     -4,    522,   -749, N,   24,   15,  177,  369,   90,  167,    257.1,    256.2,     -0.4,      8.2,      5.1,     27.1,    257.1,    257.4
HC,  02G, 2024092918_F000_302N_1063E_02G, 2024092918, 03, GFSO, 018, 295N, 1065E,  14, 1019, XX,  34, NEQ, 0000, 0000, 0000, 0000, 1010,   42,  160,    -52,   2652,  -1440, N,  186,   26,  131,  478,  144,  290,    260.3,    259.6,     -2.5,     14.3,      9.6,     51.0,    260.3,    260.5
WP,  20W, 2024092918_F000_200N_1223E_20W, 2024092918, 03, GFSO, 024, 205N, 1209E,  81,  961, XX,  34, NEQ, 0104, 0115, 0157, 0293,  973,   32,   23,     40,   1374,   2336, Y,  353,   24,  953, 2173,  871, 2096,    263.4,    260.6,    -19.5,     -1.2,     47.5,     93.8,    263.4,    267.2
WP,  19W, 2024092918_F000_252N_1407E_19W, 2024092918, 03, GFSO, 024, 309N, 1409E,  76,  971, XX,  34, NEQ, 0088, 0093, 0037, 0040,  988,   20,   22,     90,   1834,   1887, Y,    7,   89,  649, 3086,  651, 2983,    260.2,    257.9,    -12.1,      2.9,     40.8,     82.8,    260.2,    263.6
AL,  10L, 2024092918_F000_435N_0355W_10L, 2024092918, 03, GFSO, 024, 454N,  280W,  42,  991, XX,  34, NEQ, 0050, 0132, 0115, 0053,  995,   45,   70,    410,    901,  -1716, N,   68,   78,  398,  667,  338,  670,    254.4,    253.2,     -2.7,     23.1,      9.0,     38.5,    254.4,    254.7
AL,  90L, 2024092918_F000_138N_0321W_90L, 2024092918, 03, GFSO, 024, 140N,  353W,  36,  998, XX,  34, NEQ, 0047, 0000, 0000, 0046, 1006,   82,   43,     32,    835,    619, N,  277,   54,  396,  989,  349,  867,    259.0,    258.3,    -20.0,     -0.3,     22.8,     75.2,    259.0,    259.5
AL,  11L, 2024092918_F000_220N_0489W_11L, 2024092918, 03, GFSO, 024, 232N,  496W,  22, 1006, XX,  34, NEQ, 0000, 0000, 0000, 0000, 1009,   99,   31,      9,    736,   -853, N,   45,   23,  172,  369,   87,  173,    257.0,    256.1,      1.9,      7.1,      4.6,     30.1,    257.0,    257.2
WP,  20W, 2024092918_F000_200N_1223E_20W, 2024092918, 03, GFSO, 030, 206N, 1208E,  77,  962, XX,  34, NEQ, 0126, 0124, 0143, 0316,  970,   15,   26,      0,   1392,   2354, Y,   20,   19,  961, 2455,  885, 2134,    263.2,    260.5,    -19.9,     -1.8,     35.9,     95.3,    263.2,    267.0
WP,  19W, 2024092918_F000_252N_1407E_19W, 2024092918, 03, GFSO, 030, 327N, 1410E,  75,  974, XX,  34, NEQ, 0090, 0090, 0046, 0047,  989,   20,   19,     73,   1221,   2094, Y,   10,   92,  686, 2711,  657, 2711,    260.3,    258.1,    -18.3,     -0.3,     47.0,     80.4,    260.3,    264.3
AL,  10L, 2024092918_F000_435N_0355W_10L, 2024092918, 03, GFSO, 030, 461N,  262W,  38,  995, XX,  34, NEQ, 0120, 0000, 0000, 0135, 1006,  169,   70,    415,    714,  -1886, N,   65,   71,  299,  523,  276,  512,    254.3,    253.0,     10.2,     32.4,     15.4,     39.9,    254.3,    254.5
AL,  90L, 2024092918_F000_138N_0321W_90L, 2024092918, 03, GFSO, 030, 140N,  361W,  40,  996, XX,  34, NEQ, 0102, 0035, 0000, 0076, 1001,   38,   33,     45,    864,    527, Y,  278,   44,  424, 1510,  373, 1446,    259.1,    258.3,    -22.0,     -0.0,     21.6,     83.2,    259.1,    260.7
AL,  11L, 2024092918_F000_220N_0489W_11L, 2024092918, 03, GFSO, 030, 235N,  496W,  23, 1008, XX,  34, NEQ, 0000, 0000, 0000, 0000, 1011,   99,   37,     19,    347,   -732, N,   38,   12,  161,  313,   82,  174,    256.4,    255.8,     -0.1,      7.7,      5.7,     30.2,    256.4,    256.5
WP,  20W, 2024092918_F000_200N_1223E_20W, 2024092918, 03, GFSO, 036, 209N, 1207E,  84,  960, XX,  34, NEQ, 0278, 0129, 0153, 0296,  974,   28,   24,    -11,   1431,   2438, Y,   23,   29,  983, 3009,  875, 2255,    263.6,    260.6,    -25.6,     -7.0,     26.9,     93.8,    263.6,    267.6
WP,  19W, 2024092918_F000_252N_1407E_19W, 2024092918, 03, GFSO, 036, 347N, 1413E,  73,  973, XX,  34, NEQ, 0071, 0092, 0054, 0052,  995,   31,   25,    107,   1171,   2108, Y,   19,  100,  697, 2606,  668, 2376,    260.7,    258.4,    -11.5,      0.9,     45.6,     82.6,    260.7,    264.6
AL,  10L, 2024092918_F000_435N_0355W_10L, 2024092918, 03, GFSO, 036, 470N,  254W,  39,  997, XX,  34, NEQ, 0140, 0000, 0000, 0103, 1004,  114,   74,    281,    262,  -1852, N,   51,   61,  252,  413,  234,  649,    254.2,    252.4,      3.9,     33.1,     18.1,     48.8,    254.2,    254.4
AL,  90L, 2024092918_F000_138N_0321W_90L, 2024092918, 03, GFSO, 036, 141N,  370W,  46,  992, XX,  34, NEQ, 0109, 0045, 0000, 0055,  999,   33,   40,     14,    708,    972, Y,  281,   44,  510, 1514,  457, 1335,    259.6,    258.2,    -23.6,     -2.5,     33.2,     88.6,    259.6,    260.8
AL,  11L, 2024092918_F000_220N_0489W_11L, 2024092918, 03, GFSO, 036, 241N,  498W,  23, 1006, XX,  34, NEQ, 0000, 0000, 0000, 0000, 1009,  176,   53,     20,    256,   -879, N,   10,   22,  157,  301,   75,  183,    256.5,    255.7,      2.8,      9.2,      8.7,     32.9,    256.5,    256.7
WP,  20W, 2024092918_F000_200N_1223E_20W, 2024092918, 03, GFSO, 042, 211N, 1204E,  79,  962, XX,  34, NEQ, 0312, 0154, 0109, 0284,  980,   33,   27,     16,   1343,   2537, Y,  359,   17,  926, 2485,  862, 2401,    263.3,    260.3,    -20.1,     -4.7,     24.5,     89.8,    263.3,    267.4
WP,  19W, 2024092918_F000_252N_1407E_19W, 2024092918, 03, GFSO, 042, 367N, 1423E,  68,  977, XX,  34, NEQ, 0084, 0104, 0055, 0053,  984,   26,   28,    139,    801,   2136, Y,   31,  118,  707, 2515,  656, 2182,    260.5,    258.3,     -9.0,      4.7,     57.4,     89.8,    260.5,    264.3
AL,  90L, 2024092918_F000_138N_0321W_90L, 2024092918, 03, GFSO, 042, 142N,  380W,  54,  989, XX,  34, NEQ, 0144, 0040, 0038, 0110,  994,   21,   15,     28,    901,   1241, Y,  282,   49,  558, 1941,  513, 1665,    260.2,    258.5,    -27.0,     -5.4,     25.2,     86.6,    260.2,    262.3
AL,  10L, 2024092918_F000_435N_0355W_10L, 2024092918, 03, GFSO, 042, 480N,  252W,  39,  999, XX,  34, NEQ, 0134, 0000, 0000, 0094, 1005,  121,   63,    177,   -426,  -2067, N,   30,   58,  221,  404,  208,  584,    253.6,    251.4,      7.1,     36.7,     36.7,     67.5,    253.6,    253.9
AL,  11L, 2024092918_F000_220N_0489W_11L, 2024092918, 03, GFSO, 042, 247N,  499W,  21, 1008, XX,  34, NEQ, 0000, 0000, 0000, 0000, 1010,   90,   64,     27,     -3,   -827, N,   20,   26,  140,  252,   71,  158,    256.5,    255.7,      4.2,      9.2,      3.3,     33.1,    256.5,    256.7
WP,  20W, 2024092918_F000_200N_1223E_20W, 2024092918, 03, GFSO, 048, 211N, 1204E,  84,  960, XX,  34, NEQ, 0480, 0142, 0114, 0324,  979,   32,   22,    -36,   1404,   2578, Y,   30,   22,  957, 2631,  880, 2144,    263.2,    260.2,    -20.2,     -3.8,     46.2,     92.6,    263.2,    267.6
WP,  19W, 2024092918_F000_252N_1407E_19W, 2024092918, 03, GFSO, 048, 393N, 1443E,  70,  978, XX,  34, NEQ, 0080, 0136, 0068, 0026,  981,   19,   37,    223,   1036,   1034, Y,   42,  160,  713, 2326,  654, 1974,    260.4,    258.0,     -7.4,      7.9,     66.6,     92.5,    260.4,    263.2
AL,  90L, 2024092918_F000_138N_0321W_90L, 2024092918, 03, GFSO, 048, 145N,  385W,  59,  983, XX,  34, NEQ, 0107, 0068, 0048, 0119,  987,   21,   24,     -6,   1225,   1157, Y,  306,   37,  598, 1838,  571, 1661,    260.6,    258.7,    -27.1,     -4.0,     18.2,     76.9,    260.6,    262.7
AL,  10L, 2024092918_F000_435N_0355W_10L, 2024092918, 03, GFSO, 048, 497N,  258W,  40,  996, XX,  34, NEQ, 0175, 0176, 0000, 0000, 1003,  126,   83,    150,    119,  -1861, N,    0,   74,  278,  708,  200,  557,    252.1,    249.5,     11.3,     23.1,     37.5,     63.4,    252.1,    252.9
AL,  11L, 2024092918_F000_220N_0489W_11L, 2024092918, 03, GFSO, 048, 252N,  499W,  21, 1006, XX,  34, NEQ, 0000, 0000, 0000, 0000, 1008,   99,   62,     23,   -231,   -745, N,   31,   31,  138,  276,   66,  125,    256.6,    255.8,      1.4,      6.6,      4.2,     35.3,    256.6,    256.7
WP,  20W, 2024092918_F000_200N_1223E_20W, 2024092918, 03, GFSO, 054, 214N, 1206E,  82,  961, XX,  34, NEQ, 0451, 0144, 0144, 0321,  978,   33,   26,    -72,   1298,   2540, Y,   26,   32,  929, 2763,  882, 2416,    263.1,    260.2,    -19.2,     -4.6,     52.7,     95.6,    263.1,    267.3
WP,  19W, 2024092918_F000_252N_1407E_19W, 2024092918, 03, GFSO, 054, 423N, 1476E,  70,  985, XX,  34, NEQ, 0098, 0140, 0109, 0000,  993,   32,   39,    279,   1068,   -595, Y,   50,  195,  647, 1908,  594, 1565,    259.7,    257.8,    -10.9,      5.7,     27.1,     82.3,    259.7,    261.1
AL,  90L, 2024092918_F000_138N_0321W_90L, 2024092918, 03, GFSO, 054, 151N,  391W,  57,  983, XX,  34, NEQ, 0093, 0240, 0043, 0071,  993,   30,   25,    -68,   1047,   1473, Y,  310,   44,  634, 1788,  598, 1785,    260.9,    258.8,    -28.6,     -4.6,     13.5,     84.4,    260.9,    263.4
AL,  10L, 2024092918_F000_435N_0355W_10L, 2024092918, 03, GFSO, 054, 510N,  260W,  44,  993, XX,  34, NEQ, 0228, 0229, 0040, 0042, 1004,  143,  119,    274,    825,   -329, Y,    6,   58,  332,  808,  222,  563,    249.3,    248.2,      2.3,     13.1,     50.1,     71.3,    249.3,    250.3
AL,  11L, 2024092918_F000_220N_0489W_11L, 2024092918, 03, GFSO, 054, 258N,  498W,  21, 1008, XX,  34, NEQ, 0000, 0000, 0000, 0000, 1009,   41,   72,     53,   -534,   -512, N,   31,   33,  132,  255,   72,  111,    256.4,    255.7,      1.9,      7.9,      6.1,     40.3,    256.4,    256.6
WP,  20W, 2024092918_F000_200N_1223E_20W, 2024092918, 03, GFSO, 060, 220N, 1209E,  83,  961, XX,  34, NEQ, 0478, 0138, 0157, 0261,  977,   32,   25,    -63,   1227,   2456, Y,   29,   44,  828, 2911,  815, 2562,    262.5,    260.2,    -15.8,     -5.6,     66.6,     95.2,    262.5,    266.5
AL,  90L, 2024092918_F000_138N_0321W_90L, 2024092918, 03, GFSO, 060, 156N,  401W,  60,  977, XX,  34, NEQ, 0173, 0269, 0052, 0086,  986,   28,   26,    -39,   1077,   1400, Y,  303,   46,  697, 1917,  628, 1856,    260.8,    258.9,    -27.3,     -5.5,     32.0,     85.1,    260.8,    263.2
WP,  19W, 2024092918_F000_252N_1407E_19W, 2024092918, 03, GFSO, 060, 456N, 1517E,  57,  992, XX,  34, NEQ, 0096, 0142, 0114, 0000, 1000,   90,   57,    328,   -448,  -1174, Y,   56,  218,  494,  988,  462,  984,    259.6,    257.7,    -11.1,      7.2,     24.9,     65.5,    259.6,    260.9
AL,  10L, 2024092918_F000_435N_0355W_10L, 2024092918, 03, GFSO, 060, 516N,  251W,  39,  992, XX,  34, NEQ, 0202, 0221, 0000, 0102, 1005,  171,  110,    524,    779,   -526, N,   52,   51,  289,  454,  219,  452,    248.9,    247.9,      5.9,     14.7,     16.1,     54.7,    248.9,    249.5
AL,  11L, 2024092918_F000_220N_0489W_11L, 2024092918, 03, GFSO, 060, 269N,  497W,  22, 1007, XX,  34, NEQ, 0000, 0000, 0000, 0000, 1008,   43,   85,     56,   -826,   -953, N,   32,   59,  127,  249,   64,   94,    256.1,    255.3,      1.8,      9.3,     19.2,     43.4,    256.1,    256.4
WP,  20W, 2024092918_F000_200N_1223E_20W, 2024092918, 03, GFSO, 066, 227N, 1212E,  69,  974, XX,  34, NEQ, 0320, 0144, 0144, 0259,  988,   20,   19,      9,   1103,   1763, Y,   22,   47,  571, 3041,  605, 2898,    261.4,    260.0,    -18.4,     -6.6,     52.2,     90.4,    261.4,    264.0
AL,  90L, 2024092918_F000_138N_0321W_90L, 2024092918, 03, GFSO, 066, 159N,  408W,  65,  976, XX,  34, NEQ, 0296, 0064, 0061, 0148,  994,   32,   23,    -43,   1382,   1488, Y,  308,   38,  732, 1998,  676, 1942,    261.3,    259.0,    -30.4,    -10.1,     34.1,     86.6,    261.3,    264.2
AL,  10L, 2024092918_F000_435N_0355W_10L, 2024092918, 03, GFSO, 066, 527N,  247W,  36,  995, XX,  34, NEQ, 0163, 0000, 0000, 0000, 1010,  267,  116,    375,    696,   -740, N,   31,   55,  259,  432,  234,  434,    249.3,    247.8,     10.3,     17.3,      7.6,     44.8,    249.3,    249.8
WP,  19W, 2024092918_F000_252N_1407E_19W, 2024092918, 03, GFSO, 066, 489N, 1562E,  45,  997, XX,  34, NEQ, 0000, 0169, 0146, 0000,  998,   23,   82,    376,  -2311,  -1880, Y,   59,  225,  319,  735,  390,  685,    259.1,    256.9,     -5.3,     19.1,     27.4,     61.5,    259.1,    260.3
AL,  11L, 2024092918_F000_220N_0489W_11L, 2024092918, 03, GFSO, 066, 282N,  491W,  23, 1009, XX,  34, NEQ, 0000, 0000, 0000, 0000, -999, -999,   95,    167,  -1199,  -1465, N,   43,   75,  114,  222,   55,   89,    256.0,    255.0,      4.1,     13.5,     24.1,     40.9,    256.0,    256.2
WP,  20W, 2024092918_F000_200N_1223E_20W, 2024092918, 03, GFSO, 072, 234N, 1216E,  55,  987, XX,  34, NEQ, 0271, 0117, 0167, 0245,  995,   50,   99,     96,    930,    885, Y,   31,   51,  413, 2721,  427, 1753,    260.4,    259.6,    -11.6,      0.7,     55.3,     91.3,    260.4,    261.9
AL,  90L, 2024092918_F000_138N_0321W_90L, 2024092918, 03, GFSO, 072, 164N,  413W,  68,  971, XX,  34, NEQ, 0267, 0077, 0064, 0084,  976,   21,   30,    -63,   1217,   1607, Y,  336,   33,  754, 1884,  688, 1865,    261.3,    259.1,    -25.6,     -9.8,     29.3,     87.4,    261.3,    263.5
AL,  10L, 2024092918_F000_435N_0355W_10L, 2024092918, 03, GFSO, 072, 537N,  243W,  33,  996, XX,  34, NEQ, 0000, 0000, 0000, 0000, 1010,  230,  148,    289,    613,  -1098, N,   43,   53,  245,  446,  206,  440,    249.9,    248.1,     11.4,     21.2,      5.3,     37.5,    249.9,    250.4
WP,  19W, 2024092918_F000_252N_1407E_19W, 2024092918, 03, GFSO, 072, 517N, 1618E,  38,  997, XX,  34, NEQ, 0000, 0180, 0151, 0000,  998,   32,  110,    523,  -2811,  -2357, Y,   67,  229,  222,  399,  293,  436,    257.8,    256.1,     -0.9,     28.3,     30.3,     54.2,    257.8,    258.3
AL,  90L, 2024092918_F000_138N_0321W_90L, 2024092918, 03, GFSO, 078, 170N,  416W,  71,  972, XX,  34, NEQ, 0248, 0109, 0065, 0093,  990,   33,   24,    -94,   1303,   1943, Y,  339,   33,  800, 2144,  725, 1798,    261.7,    259.3,    -19.8,     -6.6,     26.9,     87.6,    261.7,    265.2
WP,  20W, 2024092918_F000_200N_1223E_20W, 2024092918, 03, GFSO, 078, 245N, 1222E,  55,  992, XX,  34, NEQ, 0315, 0167, 0186, 0254,  996,   14,   93,    222,   1092,    803, Y,   23,   61,  369, 2024,  366, 1060,    260.3,    259.5,    -10.9,     11.5,     56.3,     89.2,    260.3,    261.4
AL,  10L, 2024092918_F000_435N_0355W_10L, 2024092918, 03, GFSO, 078, 542N,  233W,  31,  998, XX,  34, NEQ, 0000, 0000, 0000, 0000, 1012,  271,  157,    290,    216,  -1384, N,   65,   52,  216,  450,  181,  356,    249.7,    248.2,      9.3,     20.2,      5.1,     26.1,    249.7,    249.9
AL,  90L, 2024092918_F000_138N_0321W_90L, 2024092918, 03, GFSO, 084, 177N,  419W,  72,  967, XX,  34, NEQ, 0238, 0134, 0073, 0141,  986,   45,   30,    -93,   1450,   1911, Y,  341,   35,  833, 2298,  762, 1928,    261.6,    259.3,    -17.1,     -2.9,     44.3,     92.0,    261.6,    264.5
WP,  20W, 2024092918_F000_200N_1223E_20W, 2024092918, 03, GFSO, 084, 252N, 1225E,  57,  993, XX,  34, NEQ, 0256, 0195, 0244, 0201,  997,   27,   45,    339,   1212,    508, Y,   26,   42,  473, 1578,  302,  985,    260.4,    259.6,    -10.6,     10.5,     55.3,     90.7,    260.4,    261.1
AL,  10L, 2024092918_F000_435N_0355W_10L, 2024092918, 03, GFSO, 084, 549N,  216W,  29,  999, XX,  34, NEQ, 0000, 0000, 0000, 0000, 1012,  286,  160,    320,   -924,  -2255, N,   72,   70,  199,  427,  149,  247,    249.6,    248.2,     10.3,     22.0,      4.9,     17.5,    249.6,    249.9
AL,  90L, 2024092918_F000_138N_0321W_90L, 2024092918, 03, GFSO, 090, 183N,  424W,  75,  967, XX,  34, NEQ, 0223, 0163, 0080, 0149,  972,   21,   25,    -79,   1362,   2022, Y,  323,   38,  833, 2159,  787, 2129,    261.8,    259.5,    -18.0,      2.2,     40.4,     92.6,    261.8,    265.3
WP,  20W, 2024092918_F000_200N_1223E_20W, 2024092918, 03, GFSO, 090, 255N, 1231E,  54,  997, XX,  34, NEQ, 0279, 0079, 0290, 0192, 1003,   51,   54,    384,    891,    209, Y,   32,   31,  462, 1215,  304,  879,    260.0,    259.3,     -5.6,      9.4,     41.1,     89.9,    260.0,    260.7
AL,  10L, 2024092918_F000_435N_0355W_10L, 2024092918, 03, GFSO, 090, 557N,  192W,  31, 1000, XX,  34, NEQ, 0000, 0000, 0000, 0000, 1001,   51,  160,    424,  -2021,  -2828, N,   72,   86,  173,  359,  132,  241,    248.9,    247.5,     14.9,     19.9,      6.0,     19.6,    248.9,    249.3
AL,  90L, 2024092918_F000_138N_0321W_90L, 2024092918, 03, GFSO, 096, 189N,  428W,  77,  962, XX,  34, NEQ, 0209, 0150, 0085, 0191,  973,   33,   20,    -81,   1345,   2165, Y,  329,   37,  873, 2197,  820, 2068,    262.2,    259.6,    -18.7,     -0.5,     53.3,     93.9,    262.2,    265.4
WP,  20W, 2024092918_F000_200N_1223E_20W, 2024092918, 03, GFSO, 096, 260N, 1233E,  49,  998, XX,  34, NEQ, 0193, 0000, 0297, 0150, 1004,   66,   43,    301,   1315,   -165, N,   10,   34,  428,  844,  268,  560,    259.5,    259.0,     -4.9,      8.3,      7.5,     78.7,    259.5,    259.6
AL,  90L, 2024092918_F000_138N_0321W_90L, 2024092918, 03, GFSO, 102, 194N,  435W,  75,  959, XX,  34, NEQ, 0215, 0199, 0104, 0203,  975,   33,   25,    -62,   1567,   2170, Y,  309,   40,  940, 2281,  873, 2257,    262.2,    259.6,    -15.6,     -0.0,     60.0,     95.5,    262.2,    266.0
WP,  20W, 2024092918_F000_200N_1223E_20W, 2024092918, 03, GFSO, 102, 258N, 1234E,  45, 1001, XX,  34, NEQ, 0135, 0093, 0118, 0161, 1010,  139,   36,   -173,   1101,   -186, N,    8,    9,  352,  877,  194,  442,    259.3,    258.8,     -7.3,      4.9,      7.5,     66.0,    259.3,    259.4
AL,  90L, 2024092918_F000_138N_0321W_90L, 2024092918, 03, GFSO, 108, 196N,  442W,  75,  955, XX,  34, NEQ, 0233, 0211, 0115, 0191,  963,   15,   27,    -33,   1343,   2514, Y,  296,   32,  970, 2137,  917, 2007,    262.6,    259.8,    -16.5,      2.1,     48.0,     94.9,    262.6,    265.9
WP,  20W, 2024092918_F000_200N_1223E_20W, 2024092918, 03, GFSO, 108, 261N, 1237E,  40, 1001, XX,  34, NEQ, 0000, 0000, 0137, 0177, 1009,  130,   85,    205,   1219,    -18, N,   13,   24,  298,  621,  206,  372,    259.1,    258.7,     -9.4,      1.9,      9.7,     68.7,    259.1,    259.2
AL,  90L, 2024092918_F000_138N_0321W_90L, 2024092918, 03, GFSO, 114, 199N,  447W,  75,  954, XX,  34, NEQ, 0230, 0215, 0131, 0201,  963,   21,   34,   -107,   1540,   2726, Y,  304,   35, 1033, 2091,  948, 1995,    263.0,    260.0,    -15.5,      3.8,     41.9,     92.7,    263.0,    266.7
WP,  20W, 2024092918_F000_200N_1223E_20W, 2024092918, 03, GFSO, 114, 264N, 1234E,  38, 1003, XX,  34, NEQ, 0000, 0000, 0094, 0146, 1010,  115,   63,     88,   1017,   -112, N,  311,   26,  272,  549,  203,  404,    258.9,    258.4,    -10.7,      1.5,      9.5,     60.8,    258.9,    259.0
AL,  90L, 2024092918_F000_138N_0321W_90L, 2024092918, 03, GFSO, 120, 205N,  452W,  81,  951, XX,  34, NEQ, 0209, 0209, 0133, 0235,  959,   21,   30,   -150,   1834,   2698, Y, -999, -999, 1078, 2294, 1015, 1882,    263.6,    260.2,    -15.9,      4.9,     46.0,     89.8,    263.6,    266.8
WP,  20W, 2024092918_F000_200N_1223E_20W, 2024092918, 03, GFSO, 120, 268N, 1229E,  38, 1003, XX,  34, NEQ, 0000, 0000, 0048, 0097, 1010,  124,   36,     21,   1209,     28, N, -999, -999,  272,  545,  199,  403,    258.4,    257.9,     -6.7,      5.1,     12.0,     56.0,    258.4,    258.5
